   //cfqs
   1.69550423E+00  2.92986187E-01  2.07233539E-02  -0.3125E+00
   1.68993217E+00  2.79565505E-01  1.03728669E-01  -0.3125E+00
   1.67825769E+00  2.82797282E-01  1.64521189E-01  -0.3125E+00
   1.66330323E+00  2.96807292E-01  2.12931744E-01  -0.3125E+00
   1.64597375E+00  3.13176635E-01  2.57862608E-01  -0.3125E+00
   1.62616168E+00  3.22989432E-01  3.07526355E-01  -0.3125E+00
   1.60281229E+00  3.18803640E-01  3.68343893E-01  -0.3125E+00
   1.57312250E+00  2.96194262E-01  4.44333480E-01  -0.3125E+00
   1.53210988E+00  2.54755211E-01  5.35623452E-01  -0.3125E+00
   1.47412173E+00  1.98517854E-01  6.35652276E-01  -0.3125E+00
   1.39537824E+00  1.35202073E-01  7.31087451E-01  -0.3125E+00
   1.29519365E+00  7.40239637E-02  8.06428917E-01  -0.3125E+00
   1.17637454E+00  2.30437561E-02  8.48372461E-01  -0.3125E+00
   1.04670116E+00 -1.29301738E-02  8.48266723E-01  -0.3125E+00
   9.19501262E-01 -3.34010203E-02  8.01885832E-01  -0.3125E+00
   8.16868323E-01 -4.18627958E-02  7.06656656E-01  -0.3125E+00
   7.69002224E-01 -4.40191739E-02  5.73279084E-01  -0.3125E+00
   7.82627389E-01 -4.33123764E-02  4.37962851E-01  -0.3125E+00
   8.19626844E-01 -3.85953858E-02  3.31536728E-01  -0.3125E+00
   8.51389077E-01 -2.90470853E-02  2.55548809E-01  -0.3125E+00
   8.73756825E-01 -1.55987284E-02  2.03173273E-01  -0.3125E+00
   8.88640969E-01  5.70075634E-04  1.66754517E-01  -0.3125E+00
   8.99273594E-01  1.85852028E-02  1.38314203E-01  -0.3125E+00
   9.08894754E-01  3.79871181E-02  1.11003248E-01  -0.3125E+00
   9.19355422E-01  5.85870590E-02  8.06690364E-02  -0.3125E+00
   9.30134400E-01  8.01477374E-02  4.69488435E-02  -0.3125E+00
   9.38770081E-01  1.02107067E-01  1.24975742E-02  -0.3125E+00
   9.42455588E-01  1.23577178E-01 -2.01869486E-02  -0.3125E+00
   9.39425540E-01  1.43612328E-01 -5.17405800E-02  -0.3125E+00
   9.30144135E-01  1.61678952E-01 -8.45820664E-02  -0.3125E+00
   9.17722893E-01  1.78098036E-01 -1.18549841E-01  -0.3125E+00
   9.05836031E-01  1.93896314E-01 -1.50273814E-01  -0.3125E+00
   8.96210147E-01  2.10191276E-01 -1.76875964E-01  -0.3125E+00
   8.88523772E-01  2.27795549E-01 -1.98576658E-01  -0.3125E+00
   8.81755786E-01  2.47117054E-01 -2.18195716E-01  -0.3125E+00
   8.75303747E-01  2.68101173E-01 -2.39391165E-01  -0.3125E+00
   8.69505934E-01  2.90163687E-01 -2.65414925E-01  -0.3125E+00
   8.65687382E-01  3.12168986E-01 -2.98880378E-01  -0.3125E+00
   8.65572323E-01  3.32363583E-01 -3.42436127E-01  -0.3125E+00
   8.68716311E-01  3.47629109E-01 -4.01180811E-01  -0.3125E+00
   8.67193731E-01  3.51702708E-01 -4.92108264E-01  -0.3125E+00
   8.82451680E-01  3.50987938E-01 -6.30830173E-01  -0.3125E+00
   9.91258494E-01  3.73049362E-01 -7.43753778E-01  -0.3125E+00
   1.18022363E+00  4.05354691E-01 -7.66967759E-01  -0.3125E+00
   1.39238014E+00  4.22277840E-01 -6.74458033E-01  -0.3125E+00
   1.56038172E+00  4.07514865E-01 -4.84687240E-01  -0.3125E+00
   1.65266296E+00  3.67845328E-01 -2.71336889E-01  -0.3125E+00
   1.68828631E+00  3.24367440E-01 -9.89748231E-02  -0.3125E+00
   1.69550423E+00  2.92986187E-01  2.07233539E-02 -0.00000000E+00     
   1.41123627E+00  8.91502781E-01  9.72994043E-03  -0.3125E+00
   1.39480089E+00  8.48063850E-01  2.05782592E-01  -0.3125E+00
   1.36415423E+00  7.98954590E-01  3.44109432E-01  -0.3125E+00
   1.32776042E+00  7.50348349E-01  4.50310821E-01  -0.3125E+00
   1.28288106E+00  7.05740248E-01  5.41679465E-01  -0.3125E+00
   1.23172461E+00  6.72519249E-01  6.15130626E-01  -0.3125E+00
   1.17894479E+00  6.56734498E-01  6.66645848E-01  -0.3125E+00
   1.12545863E+00  6.57419319E-01  7.00312309E-01  -0.3125E+00
   1.06933397E+00  6.66204807E-01  7.24669805E-01  -0.3125E+00
   1.01007462E+00  6.70689035E-01  7.47796732E-01  -0.3125E+00
   9.50236221E-01  6.59166956E-01  7.74720093E-01  -0.3125E+00
   8.93234987E-01  6.24747645E-01  8.06312388E-01  -0.3125E+00
   8.40689352E-01  5.67748875E-01  8.38750162E-01  -0.3125E+00
   7.92452309E-01  4.95789985E-01  8.64464532E-01  -0.3125E+00
   7.48886110E-01  4.20965866E-01  8.75959386E-01  -0.3125E+00
   7.11848253E-01  3.54694600E-01  8.70665500E-01  -0.3125E+00
   6.82404745E-01  3.03248034E-01  8.52408194E-01  -0.3125E+00
   6.58689179E-01  2.66965814E-01  8.27593519E-01  -0.3125E+00
   6.37638739E-01  2.42428010E-01  8.00213740E-01  -0.3125E+00
   6.18035753E-01  2.24795077E-01  7.70836881E-01  -0.3125E+00
   6.01296535E-01  2.09482715E-01  7.38618020E-01  -0.3125E+00
   5.90020712E-01  1.93336721E-01  7.03026052E-01  -0.3125E+00
   5.85896282E-01  1.75135638E-01  6.64000714E-01  -0.3125E+00
   5.88557040E-01  1.55604808E-01  6.21051647E-01  -0.3125E+00
   5.96115085E-01  1.37270872E-01  5.72375019E-01  -0.3125E+00
   6.07063841E-01  1.24004667E-01  5.14616519E-01  -0.3125E+00
   6.22948498E-01  1.20117435E-01  4.43718698E-01  -0.3125E+00
   6.49812058E-01  1.29422648E-01  3.57811817E-01  -0.3125E+00
   6.92970992E-01  1.54253275E-01  2.61204757E-01  -0.3125E+00
   7.45348175E-01  1.93148440E-01  1.62868760E-01  -0.3125E+00
   7.91837342E-01  2.40248317E-01  7.15856484E-02  -0.3125E+00
   8.23805979E-01  2.88998006E-01 -1.20904644E-03  -0.3125E+00
   8.38625476E-01  3.34917153E-01 -5.02659919E-02  -0.3125E+00
   8.34844784E-01  3.76007133E-01 -8.95820780E-02  -0.3125E+00
   8.15493592E-01  4.14013075E-01 -1.35200279E-01  -0.3125E+00
   7.92501405E-01  4.56043892E-01 -1.88484204E-01  -0.3125E+00
   7.73031521E-01  5.06905484E-01 -2.42524139E-01  -0.3125E+00
   7.57301010E-01  5.64969447E-01 -2.91047099E-01  -0.3125E+00
   7.43504049E-01  6.22690924E-01 -3.34531976E-01  -0.3125E+00
   7.33429021E-01  6.71240775E-01 -3.81112111E-01  -0.3125E+00
   7.34878746E-01  7.07079473E-01 -4.39630802E-01  -0.3125E+00
   7.58564397E-01  7.34045805E-01 -5.08784773E-01  -0.3125E+00
   8.12800314E-01  7.59159117E-01 -5.74194969E-01  -0.3125E+00
   8.99961848E-01  7.87464804E-01 -6.19348077E-01  -0.3125E+00
   1.01760634E+00  8.22203885E-01 -6.28635787E-01  -0.3125E+00
   1.15666792E+00  8.63295660E-01 -5.77619662E-01  -0.3125E+00
   1.29170332E+00  9.00064954E-01 -4.41687048E-01  -0.3125E+00
   1.38347000E+00  9.12762392E-01 -2.27619401E-01  -0.3125E+00
   1.41123627E+00  8.91502781E-01  9.72994043E-03 -0.00000000E+00     
   9.62830204E-01  1.27529006E+00 -5.63519937E-02  -0.3125E+00
   9.55652553E-01  1.22996255E+00  1.91385684E-01  -0.3125E+00
   9.05623159E-01  1.15856998E+00  3.83961350E-01  -0.3125E+00
   8.41682389E-01  1.08937474E+00  5.03754040E-01  -0.3125E+00
   7.65113915E-01  1.01851336E+00  5.89334901E-01  -0.3125E+00
   6.75170263E-01  9.43665150E-01  6.56442402E-01  -0.3125E+00
   5.80801631E-01  8.76759202E-01  6.98626573E-01  -0.3125E+00
   4.87691051E-01  8.23709515E-01  7.16361431E-01  -0.3125E+00
   3.96137559E-01  7.76476649E-01  7.17183827E-01  -0.3125E+00
   3.09015199E-01  7.21565963E-01  7.07456011E-01  -0.3125E+00
   2.35127075E-01  6.51139460E-01  6.89670960E-01  -0.3125E+00
   1.83842234E-01  5.67265238E-01  6.64268256E-01  -0.3125E+00
   1.58763321E-01  4.80074182E-01  6.33501732E-01  -0.3125E+00
   1.57051493E-01  4.02254815E-01  6.02035524E-01  -0.3125E+00
   1.73564445E-01  3.41504844E-01  5.71089837E-01  -0.3125E+00
   2.03930358E-01  2.96985928E-01  5.40616808E-01  -0.3125E+00
   2.45374505E-01  2.64560116E-01  5.09805448E-01  -0.3125E+00
   3.00970175E-01  2.45325776E-01  4.67008327E-01  -0.3125E+00
   3.67503103E-01  2.35748654E-01  4.09301609E-01  -0.3125E+00
   4.31333070E-01  2.32195117E-01  3.38999624E-01  -0.3125E+00
   4.85995319E-01  2.38689292E-01  2.59647508E-01  -0.3125E+00
   5.30959412E-01  2.58143380E-01  1.78123839E-01  -0.3125E+00
   5.65655089E-01  2.88030997E-01  1.02149454E-01  -0.3125E+00
   5.90111230E-01  3.22590121E-01  3.79458599E-02  -0.3125E+00
   6.05776468E-01  3.56284919E-01 -1.14032693E-02  -0.3125E+00
   6.14837802E-01  3.86311701E-01 -4.66612251E-02  -0.3125E+00
   6.18991296E-01  4.12962018E-01 -7.15314105E-02  -0.3125E+00
   6.19377819E-01  4.38532877E-01 -9.04044166E-02  -0.3125E+00
   6.17452653E-01  4.65835095E-01 -1.06143443E-01  -0.3125E+00
   6.15003753E-01  4.96497869E-01 -1.19635846E-01  -0.3125E+00
   6.12851433E-01  5.29304252E-01 -1.31744539E-01  -0.3125E+00
   6.10444242E-01  5.60316650E-01 -1.44783453E-01  -0.3125E+00
   6.07726620E-01  5.86347333E-01 -1.59927927E-01  -0.3125E+00
   6.05081116E-01  6.07527467E-01 -1.76146719E-01  -0.3125E+00
   6.01325594E-01  6.26678057E-01 -1.92848987E-01  -0.3125E+00
   5.93683345E-01  6.48165197E-01 -2.10994722E-01  -0.3125E+00
   5.79400230E-01  6.76660538E-01 -2.32147726E-01  -0.3125E+00
   5.57329102E-01  7.15507998E-01 -2.56931758E-01  -0.3125E+00
   5.28847067E-01  7.65350992E-01 -2.84274798E-01  -0.3125E+00
   4.98582431E-01  8.24292253E-01 -3.12804662E-01  -0.3125E+00
   4.74681152E-01  8.89603018E-01 -3.41525169E-01  -0.3125E+00
   4.66472767E-01  9.56974268E-01 -3.70670069E-01  -0.3125E+00
   4.82452546E-01  1.02163775E+00 -4.06210941E-01  -0.3125E+00
   5.28245201E-01  1.08146221E+00 -4.45232844E-01  -0.3125E+00
   6.02230867E-01  1.13362496E+00 -4.68259782E-01  -0.3125E+00
   6.98169001E-01  1.18093460E+00 -4.61358367E-01  -0.3125E+00
   8.06361595E-01  1.22900713E+00 -4.06717684E-01  -0.3125E+00
   9.05988695E-01  1.26947310E+00 -2.74441930E-01  -0.3125E+00
   9.62830204E-01  1.27529006E+00 -5.63519937E-02 -0.00000000E+00     
   4.63880310E-01  1.46818895E+00 -6.81146872E-02  -0.3125E+00
   4.97272484E-01  1.45551448E+00  2.32207132E-02  -0.3125E+00
   4.80397175E-01  1.43357574E+00  1.30642464E-01  -0.3125E+00
   4.21988194E-01  1.38881029E+00  2.39364643E-01  -0.3125E+00
   3.45340710E-01  1.31660858E+00  3.30220237E-01  -0.3125E+00
   2.81360623E-01  1.25299806E+00  4.22121885E-01  -0.3125E+00
   2.35229697E-01  1.18322130E+00  5.09844496E-01  -0.3125E+00
   2.02290943E-01  1.09501358E+00  5.64998071E-01  -0.3125E+00
   1.74872513E-01  1.00465209E+00  5.99968379E-01  -0.3125E+00
   1.41115522E-01  9.15061316E-01  6.20903062E-01  -0.3125E+00
   9.44714358E-02  8.26934282E-01  6.25364126E-01  -0.3125E+00
   3.72902556E-02  7.40374432E-01  6.09896285E-01  -0.3125E+00
  -2.07145605E-02  6.53199822E-01  5.72888025E-01  -0.3125E+00
  -6.67957419E-02  5.65716812E-01  5.16147012E-01  -0.3125E+00
  -9.14538623E-02  4.82750187E-01  4.46358061E-01  -0.3125E+00
  -9.19173628E-02  4.07447640E-01  3.71349418E-01  -0.3125E+00
  -7.29676291E-02  3.43121351E-01  2.94934458E-01  -0.3125E+00
  -4.49270821E-02  2.99762662E-01  2.22552382E-01  -0.3125E+00
  -1.34671120E-02  2.76632380E-01  1.68497285E-01  -0.3125E+00
   1.98012664E-02  2.64583860E-01  1.35709449E-01  -0.3125E+00
   5.37670970E-02  2.60597767E-01  1.10512106E-01  -0.3125E+00
   8.71073101E-02  2.59845929E-01  8.41556746E-02  -0.3125E+00
   1.19484540E-01  2.62448662E-01  5.81464498E-02  -0.3125E+00
   1.53583117E-01  2.71858451E-01  3.61254108E-02  -0.3125E+00
   1.90923137E-01  2.86263900E-01  2.02210880E-02  -0.3125E+00
   2.31336235E-01  3.02377712E-01  8.37385004E-03  -0.3125E+00
   2.74336590E-01  3.19416377E-01 -5.05245659E-03  -0.3125E+00
   3.17968760E-01  3.38578761E-01 -2.64107306E-02  -0.3125E+00
   3.57688242E-01  3.62266668E-01 -6.02267397E-02  -0.3125E+00
   3.87357246E-01  3.93677917E-01 -1.07777221E-01  -0.3125E+00
   4.02550493E-01  4.36461700E-01 -1.66102899E-01  -0.3125E+00
   4.02915575E-01  4.93803364E-01 -2.27518439E-01  -0.3125E+00
   3.89557787E-01  5.64671179E-01 -2.84799210E-01  -0.3125E+00
   3.63437197E-01  6.41033815E-01 -3.37570219E-01  -0.3125E+00
   3.30843171E-01  7.17612250E-01 -3.81648637E-01  -0.3125E+00
   2.99676082E-01  7.94831825E-01 -4.03504737E-01  -0.3125E+00
   2.71487159E-01  8.67572800E-01 -4.01704293E-01  -0.3125E+00
   2.43847412E-01  9.30122854E-01 -3.91278394E-01  -0.3125E+00
   2.13351154E-01  9.84119430E-01 -3.82971386E-01  -0.3125E+00
   1.77232182E-01  1.03556559E+00 -3.77781105E-01  -0.3125E+00
   1.35984685E-01  1.09018423E+00 -3.72746112E-01  -0.3125E+00
   9.54452189E-02  1.15100735E+00 -3.63322956E-01  -0.3125E+00
   6.70631333E-02  1.21890807E+00 -3.46799299E-01  -0.3125E+00
   6.54940298E-02  1.29711648E+00 -3.26078847E-01  -0.3125E+00
   1.02971496E-01  1.38093316E+00 -2.98279140E-01  -0.3125E+00
   1.80351191E-01  1.44098440E+00 -2.52360448E-01  -0.3125E+00
   2.82784402E-01  1.46813341E+00 -1.97474389E-01  -0.3125E+00
   3.85958018E-01  1.47399828E+00 -1.39248254E-01  -0.3125E+00
   4.63880310E-01  1.46818895E+00 -6.81146872E-02 -0.00000000E+00     
  -4.63880310E-01  1.46818895E+00  6.81146872E-02  -0.3125E+00
  -3.85958018E-01  1.47399828E+00  1.39248254E-01  -0.3125E+00
  -2.82784402E-01  1.46813341E+00  1.97474389E-01  -0.3125E+00
  -1.80351191E-01  1.44098440E+00  2.52360448E-01  -0.3125E+00
  -1.02971496E-01  1.38093316E+00  2.98279140E-01  -0.3125E+00
  -6.54940298E-02  1.29711648E+00  3.26078847E-01  -0.3125E+00
  -6.70631333E-02  1.21890807E+00  3.46799299E-01  -0.3125E+00
  -9.54452189E-02  1.15100735E+00  3.63322956E-01  -0.3125E+00
  -1.35984685E-01  1.09018423E+00  3.72746112E-01  -0.3125E+00
  -1.77232182E-01  1.03556559E+00  3.77781105E-01  -0.3125E+00
  -2.13351154E-01  9.84119430E-01  3.82971386E-01  -0.3125E+00
  -2.43847412E-01  9.30122854E-01  3.91278394E-01  -0.3125E+00
  -2.71487159E-01  8.67572800E-01  4.01704293E-01  -0.3125E+00
  -2.99676082E-01  7.94831825E-01  4.03504737E-01  -0.3125E+00
  -3.30843171E-01  7.17612250E-01  3.81648637E-01  -0.3125E+00
  -3.63437197E-01  6.41033815E-01  3.37570219E-01  -0.3125E+00
  -3.89557787E-01  5.64671179E-01  2.84799210E-01  -0.3125E+00
  -4.02915575E-01  4.93803364E-01  2.27518439E-01  -0.3125E+00
  -4.02550493E-01  4.36461700E-01  1.66102899E-01  -0.3125E+00
  -3.87357246E-01  3.93677917E-01  1.07777221E-01  -0.3125E+00
  -3.57688242E-01  3.62266668E-01  6.02267397E-02  -0.3125E+00
  -3.17968760E-01  3.38578761E-01  2.64107306E-02  -0.3125E+00
  -2.74336590E-01  3.19416377E-01  5.05245659E-03  -0.3125E+00
  -2.31336235E-01  3.02377712E-01 -8.37385004E-03  -0.3125E+00
  -1.90923137E-01  2.86263900E-01 -2.02210880E-02  -0.3125E+00
  -1.53583117E-01  2.71858451E-01 -3.61254108E-02  -0.3125E+00
  -1.19484540E-01  2.62448662E-01 -5.81464498E-02  -0.3125E+00
  -8.71073101E-02  2.59845929E-01 -8.41556746E-02  -0.3125E+00
  -5.37670970E-02  2.60597767E-01 -1.10512106E-01  -0.3125E+00
  -1.98012664E-02  2.64583860E-01 -1.35709449E-01  -0.3125E+00
   1.34671120E-02  2.76632380E-01 -1.68497285E-01  -0.3125E+00
   4.49270821E-02  2.99762662E-01 -2.22552382E-01  -0.3125E+00
   7.29676291E-02  3.43121351E-01 -2.94934458E-01  -0.3125E+00
   9.19173628E-02  4.07447640E-01 -3.71349418E-01  -0.3125E+00
   9.14538623E-02  4.82750187E-01 -4.46358061E-01  -0.3125E+00
   6.67957419E-02  5.65716812E-01 -5.16147012E-01  -0.3125E+00
   2.07145605E-02  6.53199822E-01 -5.72888025E-01  -0.3125E+00
  -3.72902556E-02  7.40374432E-01 -6.09896285E-01  -0.3125E+00
  -9.44714358E-02  8.26934282E-01 -6.25364126E-01  -0.3125E+00
  -1.41115522E-01  9.15061316E-01 -6.20903062E-01  -0.3125E+00
  -1.74872513E-01  1.00465209E+00 -5.99968379E-01  -0.3125E+00
  -2.02290943E-01  1.09501358E+00 -5.64998071E-01  -0.3125E+00
  -2.35229697E-01  1.18322130E+00 -5.09844496E-01  -0.3125E+00
  -2.81360623E-01  1.25299806E+00 -4.22121885E-01  -0.3125E+00
  -3.45340710E-01  1.31660858E+00 -3.30220237E-01  -0.3125E+00
  -4.21988194E-01  1.38881029E+00 -2.39364643E-01  -0.3125E+00
  -4.80397175E-01  1.43357574E+00 -1.30642464E-01  -0.3125E+00
  -4.97272484E-01  1.45551448E+00 -2.32207132E-02  -0.3125E+00
  -4.63880310E-01  1.46818895E+00  6.81146872E-02 -0.00000000E+00     
  -9.62830204E-01  1.27529006E+00  5.63519937E-02  -0.3125E+00
  -9.05988695E-01  1.26947310E+00  2.74441930E-01  -0.3125E+00
  -8.06361595E-01  1.22900713E+00  4.06717684E-01  -0.3125E+00
  -6.98169001E-01  1.18093460E+00  4.61358367E-01  -0.3125E+00
  -6.02230867E-01  1.13362496E+00  4.68259782E-01  -0.3125E+00
  -5.28245201E-01  1.08146221E+00  4.45232844E-01  -0.3125E+00
  -4.82452546E-01  1.02163775E+00  4.06210941E-01  -0.3125E+00
  -4.66472767E-01  9.56974268E-01  3.70670069E-01  -0.3125E+00
  -4.74681152E-01  8.89603018E-01  3.41525169E-01  -0.3125E+00
  -4.98582431E-01  8.24292253E-01  3.12804662E-01  -0.3125E+00
  -5.28847067E-01  7.65350992E-01  2.84274798E-01  -0.3125E+00
  -5.57329102E-01  7.15507998E-01  2.56931758E-01  -0.3125E+00
  -5.79400230E-01  6.76660538E-01  2.32147726E-01  -0.3125E+00
  -5.93683345E-01  6.48165197E-01  2.10994722E-01  -0.3125E+00
  -6.01325594E-01  6.26678057E-01  1.92848987E-01  -0.3125E+00
  -6.05081116E-01  6.07527467E-01  1.76146719E-01  -0.3125E+00
  -6.07726620E-01  5.86347333E-01  1.59927927E-01  -0.3125E+00
  -6.10444242E-01  5.60316650E-01  1.44783453E-01  -0.3125E+00
  -6.12851433E-01  5.29304252E-01  1.31744539E-01  -0.3125E+00
  -6.15003753E-01  4.96497869E-01  1.19635846E-01  -0.3125E+00
  -6.17452653E-01  4.65835095E-01  1.06143443E-01  -0.3125E+00
  -6.19377819E-01  4.38532877E-01  9.04044166E-02  -0.3125E+00
  -6.18991296E-01  4.12962018E-01  7.15314105E-02  -0.3125E+00
  -6.14837802E-01  3.86311701E-01  4.66612251E-02  -0.3125E+00
  -6.05776468E-01  3.56284919E-01  1.14032693E-02  -0.3125E+00
  -5.90111230E-01  3.22590121E-01 -3.79458599E-02  -0.3125E+00
  -5.65655089E-01  2.88030997E-01 -1.02149454E-01  -0.3125E+00
  -5.30959412E-01  2.58143380E-01 -1.78123839E-01  -0.3125E+00
  -4.85995319E-01  2.38689292E-01 -2.59647508E-01  -0.3125E+00
  -4.31333070E-01  2.32195117E-01 -3.38999624E-01  -0.3125E+00
  -3.67503103E-01  2.35748654E-01 -4.09301609E-01  -0.3125E+00
  -3.00970175E-01  2.45325776E-01 -4.67008327E-01  -0.3125E+00
  -2.45374505E-01  2.64560116E-01 -5.09805448E-01  -0.3125E+00
  -2.03930358E-01  2.96985928E-01 -5.40616808E-01  -0.3125E+00
  -1.73564445E-01  3.41504844E-01 -5.71089837E-01  -0.3125E+00
  -1.57051493E-01  4.02254815E-01 -6.02035524E-01  -0.3125E+00
  -1.58763321E-01  4.80074182E-01 -6.33501732E-01  -0.3125E+00
  -1.83842234E-01  5.67265238E-01 -6.64268256E-01  -0.3125E+00
  -2.35127075E-01  6.51139460E-01 -6.89670960E-01  -0.3125E+00
  -3.09015199E-01  7.21565963E-01 -7.07456011E-01  -0.3125E+00
  -3.96137559E-01  7.76476649E-01 -7.17183827E-01  -0.3125E+00
  -4.87691051E-01  8.23709515E-01 -7.16361431E-01  -0.3125E+00
  -5.80801631E-01  8.76759202E-01 -6.98626573E-01  -0.3125E+00
  -6.75170263E-01  9.43665150E-01 -6.56442402E-01  -0.3125E+00
  -7.65113915E-01  1.01851336E+00 -5.89334901E-01  -0.3125E+00
  -8.41682389E-01  1.08937474E+00 -5.03754040E-01  -0.3125E+00
  -9.05623159E-01  1.15856998E+00 -3.83961350E-01  -0.3125E+00
  -9.55652553E-01  1.22996255E+00 -1.91385684E-01  -0.3125E+00
  -9.62830204E-01  1.27529006E+00  5.63519937E-02 -0.00000000E+00     
  -1.41123627E+00  8.91502781E-01 -9.72994043E-03  -0.3125E+00
  -1.38347000E+00  9.12762392E-01  2.27619401E-01  -0.3125E+00
  -1.29170332E+00  9.00064954E-01  4.41687048E-01  -0.3125E+00
  -1.15666792E+00  8.63295660E-01  5.77619662E-01  -0.3125E+00
  -1.01760634E+00  8.22203885E-01  6.28635787E-01  -0.3125E+00
  -8.99961848E-01  7.87464804E-01  6.19348077E-01  -0.3125E+00
  -8.12800314E-01  7.59159117E-01  5.74194969E-01  -0.3125E+00
  -7.58564397E-01  7.34045805E-01  5.08784773E-01  -0.3125E+00
  -7.34878746E-01  7.07079473E-01  4.39630802E-01  -0.3125E+00
  -7.33429021E-01  6.71240775E-01  3.81112111E-01  -0.3125E+00
  -7.43504049E-01  6.22690924E-01  3.34531976E-01  -0.3125E+00
  -7.57301010E-01  5.64969447E-01  2.91047099E-01  -0.3125E+00
  -7.73031521E-01  5.06905484E-01  2.42524139E-01  -0.3125E+00
  -7.92501405E-01  4.56043892E-01  1.88484204E-01  -0.3125E+00
  -8.15493592E-01  4.14013075E-01  1.35200279E-01  -0.3125E+00
  -8.34844784E-01  3.76007133E-01  8.95820780E-02  -0.3125E+00
  -8.38625476E-01  3.34917153E-01  5.02659919E-02  -0.3125E+00
  -8.23805979E-01  2.88998006E-01  1.20904644E-03  -0.3125E+00
  -7.91837342E-01  2.40248317E-01 -7.15856484E-02  -0.3125E+00
  -7.45348175E-01  1.93148440E-01 -1.62868760E-01  -0.3125E+00
  -6.92970992E-01  1.54253275E-01 -2.61204757E-01  -0.3125E+00
  -6.49812058E-01  1.29422648E-01 -3.57811817E-01  -0.3125E+00
  -6.22948498E-01  1.20117435E-01 -4.43718698E-01  -0.3125E+00
  -6.07063841E-01  1.24004667E-01 -5.14616519E-01  -0.3125E+00
  -5.96115085E-01  1.37270872E-01 -5.72375019E-01  -0.3125E+00
  -5.88557040E-01  1.55604808E-01 -6.21051647E-01  -0.3125E+00
  -5.85896282E-01  1.75135638E-01 -6.64000714E-01  -0.3125E+00
  -5.90020712E-01  1.93336721E-01 -7.03026052E-01  -0.3125E+00
  -6.01296535E-01  2.09482715E-01 -7.38618020E-01  -0.3125E+00
  -6.18035753E-01  2.24795077E-01 -7.70836881E-01  -0.3125E+00
  -6.37638739E-01  2.42428010E-01 -8.00213740E-01  -0.3125E+00
  -6.58689179E-01  2.66965814E-01 -8.27593519E-01  -0.3125E+00
  -6.82404745E-01  3.03248034E-01 -8.52408194E-01  -0.3125E+00
  -7.11848253E-01  3.54694600E-01 -8.70665500E-01  -0.3125E+00
  -7.48886110E-01  4.20965866E-01 -8.75959386E-01  -0.3125E+00
  -7.92452309E-01  4.95789985E-01 -8.64464532E-01  -0.3125E+00
  -8.40689352E-01  5.67748875E-01 -8.38750162E-01  -0.3125E+00
  -8.93234987E-01  6.24747645E-01 -8.06312388E-01  -0.3125E+00
  -9.50236221E-01  6.59166956E-01 -7.74720093E-01  -0.3125E+00
  -1.01007462E+00  6.70689035E-01 -7.47796732E-01  -0.3125E+00
  -1.06933397E+00  6.66204807E-01 -7.24669805E-01  -0.3125E+00
  -1.12545863E+00  6.57419319E-01 -7.00312309E-01  -0.3125E+00
  -1.17894479E+00  6.56734498E-01 -6.66645848E-01  -0.3125E+00
  -1.23172461E+00  6.72519249E-01 -6.15130626E-01  -0.3125E+00
  -1.28288106E+00  7.05740248E-01 -5.41679465E-01  -0.3125E+00
  -1.32776042E+00  7.50348349E-01 -4.50310821E-01  -0.3125E+00
  -1.36415423E+00  7.98954590E-01 -3.44109432E-01  -0.3125E+00
  -1.39480089E+00  8.48063850E-01 -2.05782592E-01  -0.3125E+00
  -1.41123627E+00  8.91502781E-01 -9.72994043E-03 -0.00000000E+00     
  -1.69550423E+00  2.92986187E-01 -2.07233539E-02  -0.3125E+00
  -1.68828631E+00  3.24367440E-01  9.89748231E-02  -0.3125E+00
  -1.65266296E+00  3.67845328E-01  2.71336889E-01  -0.3125E+00
  -1.56038172E+00  4.07514865E-01  4.84687240E-01  -0.3125E+00
  -1.39238014E+00  4.22277840E-01  6.74458033E-01  -0.3125E+00
  -1.18022363E+00  4.05354691E-01  7.66967759E-01  -0.3125E+00
  -9.91258494E-01  3.73049362E-01  7.43753778E-01  -0.3125E+00
  -8.82451680E-01  3.50987938E-01  6.30830173E-01  -0.3125E+00
  -8.67193731E-01  3.51702708E-01  4.92108264E-01  -0.3125E+00
  -8.68716311E-01  3.47629109E-01  4.01180811E-01  -0.3125E+00
  -8.65572323E-01  3.32363583E-01  3.42436127E-01  -0.3125E+00
  -8.65687382E-01  3.12168986E-01  2.98880378E-01  -0.3125E+00
  -8.69505934E-01  2.90163687E-01  2.65414925E-01  -0.3125E+00
  -8.75303747E-01  2.68101173E-01  2.39391165E-01  -0.3125E+00
  -8.81755786E-01  2.47117054E-01  2.18195716E-01  -0.3125E+00
  -8.88523772E-01  2.27795549E-01  1.98576658E-01  -0.3125E+00
  -8.96210147E-01  2.10191276E-01  1.76875964E-01  -0.3125E+00
  -9.05836031E-01  1.93896314E-01  1.50273814E-01  -0.3125E+00
  -9.17722893E-01  1.78098036E-01  1.18549841E-01  -0.3125E+00
  -9.30144135E-01  1.61678952E-01  8.45820664E-02  -0.3125E+00
  -9.39425540E-01  1.43612328E-01  5.17405800E-02  -0.3125E+00
  -9.42455588E-01  1.23577178E-01  2.01869486E-02  -0.3125E+00
  -9.38770081E-01  1.02107067E-01 -1.24975742E-02  -0.3125E+00
  -9.30134400E-01  8.01477374E-02 -4.69488435E-02  -0.3125E+00
  -9.19355422E-01  5.85870590E-02 -8.06690364E-02  -0.3125E+00
  -9.08894754E-01  3.79871181E-02 -1.11003248E-01  -0.3125E+00
  -8.99273594E-01  1.85852028E-02 -1.38314203E-01  -0.3125E+00
  -8.88640969E-01  5.70075634E-04 -1.66754517E-01  -0.3125E+00
  -8.73756825E-01 -1.55987284E-02 -2.03173273E-01  -0.3125E+00
  -8.51389077E-01 -2.90470853E-02 -2.55548809E-01  -0.3125E+00
  -8.19626844E-01 -3.85953858E-02 -3.31536728E-01  -0.3125E+00
  -7.82627389E-01 -4.33123764E-02 -4.37962851E-01  -0.3125E+00
  -7.69002224E-01 -4.40191739E-02 -5.73279084E-01  -0.3125E+00
  -8.16868323E-01 -4.18627958E-02 -7.06656656E-01  -0.3125E+00
  -9.19501262E-01 -3.34010203E-02 -8.01885832E-01  -0.3125E+00
  -1.04670116E+00 -1.29301738E-02 -8.48266723E-01  -0.3125E+00
  -1.17637454E+00  2.30437561E-02 -8.48372461E-01  -0.3125E+00
  -1.29519365E+00  7.40239637E-02 -8.06428917E-01  -0.3125E+00
  -1.39537824E+00  1.35202073E-01 -7.31087451E-01  -0.3125E+00
  -1.47412173E+00  1.98517854E-01 -6.35652276E-01  -0.3125E+00
  -1.53210988E+00  2.54755211E-01 -5.35623452E-01  -0.3125E+00
  -1.57312250E+00  2.96194262E-01 -4.44333480E-01  -0.3125E+00
  -1.60281229E+00  3.18803640E-01 -3.68343893E-01  -0.3125E+00
  -1.62616168E+00  3.22989432E-01 -3.07526355E-01  -0.3125E+00
  -1.64597375E+00  3.13176635E-01 -2.57862608E-01  -0.3125E+00
  -1.66330323E+00  2.96807292E-01 -2.12931744E-01  -0.3125E+00
  -1.67825769E+00  2.82797282E-01 -1.64521189E-01  -0.3125E+00
  -1.68993217E+00  2.79565505E-01 -1.03728669E-01  -0.3125E+00
  -1.69550423E+00  2.92986187E-01 -2.07233539E-02 -0.00000000E+00     
  -1.69550423E+00 -2.92986187E-01  2.07233539E-02  -0.3125E+00
  -1.68993217E+00 -2.79565505E-01  1.03728669E-01  -0.3125E+00
  -1.67825769E+00 -2.82797282E-01  1.64521189E-01  -0.3125E+00
  -1.66330323E+00 -2.96807292E-01  2.12931744E-01  -0.3125E+00
  -1.64597375E+00 -3.13176635E-01  2.57862608E-01  -0.3125E+00
  -1.62616168E+00 -3.22989432E-01  3.07526355E-01  -0.3125E+00
  -1.60281229E+00 -3.18803640E-01  3.68343893E-01  -0.3125E+00
  -1.57312250E+00 -2.96194262E-01  4.44333480E-01  -0.3125E+00
  -1.53210988E+00 -2.54755211E-01  5.35623452E-01  -0.3125E+00
  -1.47412173E+00 -1.98517854E-01  6.35652276E-01  -0.3125E+00
  -1.39537824E+00 -1.35202073E-01  7.31087451E-01  -0.3125E+00
  -1.29519365E+00 -7.40239637E-02  8.06428917E-01  -0.3125E+00
  -1.17637454E+00 -2.30437561E-02  8.48372461E-01  -0.3125E+00
  -1.04670116E+00  1.29301738E-02  8.48266723E-01  -0.3125E+00
  -9.19501262E-01  3.34010203E-02  8.01885832E-01  -0.3125E+00
  -8.16868323E-01  4.18627958E-02  7.06656656E-01  -0.3125E+00
  -7.69002224E-01  4.40191739E-02  5.73279084E-01  -0.3125E+00
  -7.82627389E-01  4.33123764E-02  4.37962851E-01  -0.3125E+00
  -8.19626844E-01  3.85953858E-02  3.31536728E-01  -0.3125E+00
  -8.51389077E-01  2.90470853E-02  2.55548809E-01  -0.3125E+00
  -8.73756825E-01  1.55987284E-02  2.03173273E-01  -0.3125E+00
  -8.88640969E-01 -5.70075634E-04  1.66754517E-01  -0.3125E+00
  -8.99273594E-01 -1.85852028E-02  1.38314203E-01  -0.3125E+00
  -9.08894754E-01 -3.79871181E-02  1.11003248E-01  -0.3125E+00
  -9.19355422E-01 -5.85870590E-02  8.06690364E-02  -0.3125E+00
  -9.30134400E-01 -8.01477374E-02  4.69488435E-02  -0.3125E+00
  -9.38770081E-01 -1.02107067E-01  1.24975742E-02  -0.3125E+00
  -9.42455588E-01 -1.23577178E-01 -2.01869486E-02  -0.3125E+00
  -9.39425540E-01 -1.43612328E-01 -5.17405800E-02  -0.3125E+00
  -9.30144135E-01 -1.61678952E-01 -8.45820664E-02  -0.3125E+00
  -9.17722893E-01 -1.78098036E-01 -1.18549841E-01  -0.3125E+00
  -9.05836031E-01 -1.93896314E-01 -1.50273814E-01  -0.3125E+00
  -8.96210147E-01 -2.10191276E-01 -1.76875964E-01  -0.3125E+00
  -8.88523772E-01 -2.27795549E-01 -1.98576658E-01  -0.3125E+00
  -8.81755786E-01 -2.47117054E-01 -2.18195716E-01  -0.3125E+00
  -8.75303747E-01 -2.68101173E-01 -2.39391165E-01  -0.3125E+00
  -8.69505934E-01 -2.90163687E-01 -2.65414925E-01  -0.3125E+00
  -8.65687382E-01 -3.12168986E-01 -2.98880378E-01  -0.3125E+00
  -8.65572323E-01 -3.32363583E-01 -3.42436127E-01  -0.3125E+00
  -8.68716311E-01 -3.47629109E-01 -4.01180811E-01  -0.3125E+00
  -8.67193731E-01 -3.51702708E-01 -4.92108264E-01  -0.3125E+00
  -8.82451680E-01 -3.50987938E-01 -6.30830173E-01  -0.3125E+00
  -9.91258494E-01 -3.73049362E-01 -7.43753778E-01  -0.3125E+00
  -1.18022363E+00 -4.05354691E-01 -7.66967759E-01  -0.3125E+00
  -1.39238014E+00 -4.22277840E-01 -6.74458033E-01  -0.3125E+00
  -1.56038172E+00 -4.07514865E-01 -4.84687240E-01  -0.3125E+00
  -1.65266296E+00 -3.67845328E-01 -2.71336889E-01  -0.3125E+00
  -1.68828631E+00 -3.24367440E-01 -9.89748231E-02  -0.3125E+00
  -1.69550423E+00 -2.92986187E-01  2.07233539E-02 -0.00000000E+00     
  -1.41123627E+00 -8.91502781E-01  9.72994043E-03  -0.3125E+00
  -1.39480089E+00 -8.48063850E-01  2.05782592E-01  -0.3125E+00
  -1.36415423E+00 -7.98954590E-01  3.44109432E-01  -0.3125E+00
  -1.32776042E+00 -7.50348349E-01  4.50310821E-01  -0.3125E+00
  -1.28288106E+00 -7.05740248E-01  5.41679465E-01  -0.3125E+00
  -1.23172461E+00 -6.72519249E-01  6.15130626E-01  -0.3125E+00
  -1.17894479E+00 -6.56734498E-01  6.66645848E-01  -0.3125E+00
  -1.12545863E+00 -6.57419319E-01  7.00312309E-01  -0.3125E+00
  -1.06933397E+00 -6.66204807E-01  7.24669805E-01  -0.3125E+00
  -1.01007462E+00 -6.70689035E-01  7.47796732E-01  -0.3125E+00
  -9.50236221E-01 -6.59166956E-01  7.74720093E-01  -0.3125E+00
  -8.93234987E-01 -6.24747645E-01  8.06312388E-01  -0.3125E+00
  -8.40689352E-01 -5.67748875E-01  8.38750162E-01  -0.3125E+00
  -7.92452309E-01 -4.95789985E-01  8.64464532E-01  -0.3125E+00
  -7.48886110E-01 -4.20965866E-01  8.75959386E-01  -0.3125E+00
  -7.11848253E-01 -3.54694600E-01  8.70665500E-01  -0.3125E+00
  -6.82404745E-01 -3.03248034E-01  8.52408194E-01  -0.3125E+00
  -6.58689179E-01 -2.66965814E-01  8.27593519E-01  -0.3125E+00
  -6.37638739E-01 -2.42428010E-01  8.00213740E-01  -0.3125E+00
  -6.18035753E-01 -2.24795077E-01  7.70836881E-01  -0.3125E+00
  -6.01296535E-01 -2.09482715E-01  7.38618020E-01  -0.3125E+00
  -5.90020712E-01 -1.93336721E-01  7.03026052E-01  -0.3125E+00
  -5.85896282E-01 -1.75135638E-01  6.64000714E-01  -0.3125E+00
  -5.88557040E-01 -1.55604808E-01  6.21051647E-01  -0.3125E+00
  -5.96115085E-01 -1.37270872E-01  5.72375019E-01  -0.3125E+00
  -6.07063841E-01 -1.24004667E-01  5.14616519E-01  -0.3125E+00
  -6.22948498E-01 -1.20117435E-01  4.43718698E-01  -0.3125E+00
  -6.49812058E-01 -1.29422648E-01  3.57811817E-01  -0.3125E+00
  -6.92970992E-01 -1.54253275E-01  2.61204757E-01  -0.3125E+00
  -7.45348175E-01 -1.93148440E-01  1.62868760E-01  -0.3125E+00
  -7.91837342E-01 -2.40248317E-01  7.15856484E-02  -0.3125E+00
  -8.23805979E-01 -2.88998006E-01 -1.20904644E-03  -0.3125E+00
  -8.38625476E-01 -3.34917153E-01 -5.02659919E-02  -0.3125E+00
  -8.34844784E-01 -3.76007133E-01 -8.95820780E-02  -0.3125E+00
  -8.15493592E-01 -4.14013075E-01 -1.35200279E-01  -0.3125E+00
  -7.92501405E-01 -4.56043892E-01 -1.88484204E-01  -0.3125E+00
  -7.73031521E-01 -5.06905484E-01 -2.42524139E-01  -0.3125E+00
  -7.57301010E-01 -5.64969447E-01 -2.91047099E-01  -0.3125E+00
  -7.43504049E-01 -6.22690924E-01 -3.34531976E-01  -0.3125E+00
  -7.33429021E-01 -6.71240775E-01 -3.81112111E-01  -0.3125E+00
  -7.34878746E-01 -7.07079473E-01 -4.39630802E-01  -0.3125E+00
  -7.58564397E-01 -7.34045805E-01 -5.08784773E-01  -0.3125E+00
  -8.12800314E-01 -7.59159117E-01 -5.74194969E-01  -0.3125E+00
  -8.99961848E-01 -7.87464804E-01 -6.19348077E-01  -0.3125E+00
  -1.01760634E+00 -8.22203885E-01 -6.28635787E-01  -0.3125E+00
  -1.15666792E+00 -8.63295660E-01 -5.77619662E-01  -0.3125E+00
  -1.29170332E+00 -9.00064954E-01 -4.41687048E-01  -0.3125E+00
  -1.38347000E+00 -9.12762392E-01 -2.27619401E-01  -0.3125E+00
  -1.41123627E+00 -8.91502781E-01  9.72994043E-03 -0.00000000E+00     
  -9.62830204E-01 -1.27529006E+00 -5.63519937E-02  -0.3125E+00
  -9.55652553E-01 -1.22996255E+00  1.91385684E-01  -0.3125E+00
  -9.05623159E-01 -1.15856998E+00  3.83961350E-01  -0.3125E+00
  -8.41682389E-01 -1.08937474E+00  5.03754040E-01  -0.3125E+00
  -7.65113915E-01 -1.01851336E+00  5.89334901E-01  -0.3125E+00
  -6.75170263E-01 -9.43665150E-01  6.56442402E-01  -0.3125E+00
  -5.80801631E-01 -8.76759202E-01  6.98626573E-01  -0.3125E+00
  -4.87691051E-01 -8.23709515E-01  7.16361431E-01  -0.3125E+00
  -3.96137559E-01 -7.76476649E-01  7.17183827E-01  -0.3125E+00
  -3.09015199E-01 -7.21565963E-01  7.07456011E-01  -0.3125E+00
  -2.35127075E-01 -6.51139460E-01  6.89670960E-01  -0.3125E+00
  -1.83842234E-01 -5.67265238E-01  6.64268256E-01  -0.3125E+00
  -1.58763321E-01 -4.80074182E-01  6.33501732E-01  -0.3125E+00
  -1.57051493E-01 -4.02254815E-01  6.02035524E-01  -0.3125E+00
  -1.73564445E-01 -3.41504844E-01  5.71089837E-01  -0.3125E+00
  -2.03930358E-01 -2.96985928E-01  5.40616808E-01  -0.3125E+00
  -2.45374505E-01 -2.64560116E-01  5.09805448E-01  -0.3125E+00
  -3.00970175E-01 -2.45325776E-01  4.67008327E-01  -0.3125E+00
  -3.67503103E-01 -2.35748654E-01  4.09301609E-01  -0.3125E+00
  -4.31333070E-01 -2.32195117E-01  3.38999624E-01  -0.3125E+00
  -4.85995319E-01 -2.38689292E-01  2.59647508E-01  -0.3125E+00
  -5.30959412E-01 -2.58143380E-01  1.78123839E-01  -0.3125E+00
  -5.65655089E-01 -2.88030997E-01  1.02149454E-01  -0.3125E+00
  -5.90111230E-01 -3.22590121E-01  3.79458599E-02  -0.3125E+00
  -6.05776468E-01 -3.56284919E-01 -1.14032693E-02  -0.3125E+00
  -6.14837802E-01 -3.86311701E-01 -4.66612251E-02  -0.3125E+00
  -6.18991296E-01 -4.12962018E-01 -7.15314105E-02  -0.3125E+00
  -6.19377819E-01 -4.38532877E-01 -9.04044166E-02  -0.3125E+00
  -6.17452653E-01 -4.65835095E-01 -1.06143443E-01  -0.3125E+00
  -6.15003753E-01 -4.96497869E-01 -1.19635846E-01  -0.3125E+00
  -6.12851433E-01 -5.29304252E-01 -1.31744539E-01  -0.3125E+00
  -6.10444242E-01 -5.60316650E-01 -1.44783453E-01  -0.3125E+00
  -6.07726620E-01 -5.86347333E-01 -1.59927927E-01  -0.3125E+00
  -6.05081116E-01 -6.07527467E-01 -1.76146719E-01  -0.3125E+00
  -6.01325594E-01 -6.26678057E-01 -1.92848987E-01  -0.3125E+00
  -5.93683345E-01 -6.48165197E-01 -2.10994722E-01  -0.3125E+00
  -5.79400230E-01 -6.76660538E-01 -2.32147726E-01  -0.3125E+00
  -5.57329102E-01 -7.15507998E-01 -2.56931758E-01  -0.3125E+00
  -5.28847067E-01 -7.65350992E-01 -2.84274798E-01  -0.3125E+00
  -4.98582431E-01 -8.24292253E-01 -3.12804662E-01  -0.3125E+00
  -4.74681152E-01 -8.89603018E-01 -3.41525169E-01  -0.3125E+00
  -4.66472767E-01 -9.56974268E-01 -3.70670069E-01  -0.3125E+00
  -4.82452546E-01 -1.02163775E+00 -4.06210941E-01  -0.3125E+00
  -5.28245201E-01 -1.08146221E+00 -4.45232844E-01  -0.3125E+00
  -6.02230867E-01 -1.13362496E+00 -4.68259782E-01  -0.3125E+00
  -6.98169001E-01 -1.18093460E+00 -4.61358367E-01  -0.3125E+00
  -8.06361595E-01 -1.22900713E+00 -4.06717684E-01  -0.3125E+00
  -9.05988695E-01 -1.26947310E+00 -2.74441930E-01  -0.3125E+00
  -9.62830204E-01 -1.27529006E+00 -5.63519937E-02 -0.00000000E+00     
  -4.63880310E-01 -1.46818895E+00 -6.81146872E-02  -0.3125E+00
  -4.97272484E-01 -1.45551448E+00  2.32207132E-02  -0.3125E+00
  -4.80397175E-01 -1.43357574E+00  1.30642464E-01  -0.3125E+00
  -4.21988194E-01 -1.38881029E+00  2.39364643E-01  -0.3125E+00
  -3.45340710E-01 -1.31660858E+00  3.30220237E-01  -0.3125E+00
  -2.81360623E-01 -1.25299806E+00  4.22121885E-01  -0.3125E+00
  -2.35229697E-01 -1.18322130E+00  5.09844496E-01  -0.3125E+00
  -2.02290943E-01 -1.09501358E+00  5.64998071E-01  -0.3125E+00
  -1.74872513E-01 -1.00465209E+00  5.99968379E-01  -0.3125E+00
  -1.41115522E-01 -9.15061316E-01  6.20903062E-01  -0.3125E+00
  -9.44714358E-02 -8.26934282E-01  6.25364126E-01  -0.3125E+00
  -3.72902556E-02 -7.40374432E-01  6.09896285E-01  -0.3125E+00
   2.07145605E-02 -6.53199822E-01  5.72888025E-01  -0.3125E+00
   6.67957419E-02 -5.65716812E-01  5.16147012E-01  -0.3125E+00
   9.14538623E-02 -4.82750187E-01  4.46358061E-01  -0.3125E+00
   9.19173628E-02 -4.07447640E-01  3.71349418E-01  -0.3125E+00
   7.29676291E-02 -3.43121351E-01  2.94934458E-01  -0.3125E+00
   4.49270821E-02 -2.99762662E-01  2.22552382E-01  -0.3125E+00
   1.34671120E-02 -2.76632380E-01  1.68497285E-01  -0.3125E+00
  -1.98012664E-02 -2.64583860E-01  1.35709449E-01  -0.3125E+00
  -5.37670970E-02 -2.60597767E-01  1.10512106E-01  -0.3125E+00
  -8.71073101E-02 -2.59845929E-01  8.41556746E-02  -0.3125E+00
  -1.19484540E-01 -2.62448662E-01  5.81464498E-02  -0.3125E+00
  -1.53583117E-01 -2.71858451E-01  3.61254108E-02  -0.3125E+00
  -1.90923137E-01 -2.86263900E-01  2.02210880E-02  -0.3125E+00
  -2.31336235E-01 -3.02377712E-01  8.37385004E-03  -0.3125E+00
  -2.74336590E-01 -3.19416377E-01 -5.05245659E-03  -0.3125E+00
  -3.17968760E-01 -3.38578761E-01 -2.64107306E-02  -0.3125E+00
  -3.57688242E-01 -3.62266668E-01 -6.02267397E-02  -0.3125E+00
  -3.87357246E-01 -3.93677917E-01 -1.07777221E-01  -0.3125E+00
  -4.02550493E-01 -4.36461700E-01 -1.66102899E-01  -0.3125E+00
  -4.02915575E-01 -4.93803364E-01 -2.27518439E-01  -0.3125E+00
  -3.89557787E-01 -5.64671179E-01 -2.84799210E-01  -0.3125E+00
  -3.63437197E-01 -6.41033815E-01 -3.37570219E-01  -0.3125E+00
  -3.30843171E-01 -7.17612250E-01 -3.81648637E-01  -0.3125E+00
  -2.99676082E-01 -7.94831825E-01 -4.03504737E-01  -0.3125E+00
  -2.71487159E-01 -8.67572800E-01 -4.01704293E-01  -0.3125E+00
  -2.43847412E-01 -9.30122854E-01 -3.91278394E-01  -0.3125E+00
  -2.13351154E-01 -9.84119430E-01 -3.82971386E-01  -0.3125E+00
  -1.77232182E-01 -1.03556559E+00 -3.77781105E-01  -0.3125E+00
  -1.35984685E-01 -1.09018423E+00 -3.72746112E-01  -0.3125E+00
  -9.54452189E-02 -1.15100735E+00 -3.63322956E-01  -0.3125E+00
  -6.70631333E-02 -1.21890807E+00 -3.46799299E-01  -0.3125E+00
  -6.54940298E-02 -1.29711648E+00 -3.26078847E-01  -0.3125E+00
  -1.02971496E-01 -1.38093316E+00 -2.98279140E-01  -0.3125E+00
  -1.80351191E-01 -1.44098440E+00 -2.52360448E-01  -0.3125E+00
  -2.82784402E-01 -1.46813341E+00 -1.97474389E-01  -0.3125E+00
  -3.85958018E-01 -1.47399828E+00 -1.39248254E-01  -0.3125E+00
  -4.63880310E-01 -1.46818895E+00 -6.81146872E-02 -0.00000000E+00     
   4.63880310E-01 -1.46818895E+00  6.81146872E-02  -0.3125E+00
   3.85958018E-01 -1.47399828E+00  1.39248254E-01  -0.3125E+00
   2.82784402E-01 -1.46813341E+00  1.97474389E-01  -0.3125E+00
   1.80351191E-01 -1.44098440E+00  2.52360448E-01  -0.3125E+00
   1.02971496E-01 -1.38093316E+00  2.98279140E-01  -0.3125E+00
   6.54940298E-02 -1.29711648E+00  3.26078847E-01  -0.3125E+00
   6.70631333E-02 -1.21890807E+00  3.46799299E-01  -0.3125E+00
   9.54452189E-02 -1.15100735E+00  3.63322956E-01  -0.3125E+00
   1.35984685E-01 -1.09018423E+00  3.72746112E-01  -0.3125E+00
   1.77232182E-01 -1.03556559E+00  3.77781105E-01  -0.3125E+00
   2.13351154E-01 -9.84119430E-01  3.82971386E-01  -0.3125E+00
   2.43847412E-01 -9.30122854E-01  3.91278394E-01  -0.3125E+00
   2.71487159E-01 -8.67572800E-01  4.01704293E-01  -0.3125E+00
   2.99676082E-01 -7.94831825E-01  4.03504737E-01  -0.3125E+00
   3.30843171E-01 -7.17612250E-01  3.81648637E-01  -0.3125E+00
   3.63437197E-01 -6.41033815E-01  3.37570219E-01  -0.3125E+00
   3.89557787E-01 -5.64671179E-01  2.84799210E-01  -0.3125E+00
   4.02915575E-01 -4.93803364E-01  2.27518439E-01  -0.3125E+00
   4.02550493E-01 -4.36461700E-01  1.66102899E-01  -0.3125E+00
   3.87357246E-01 -3.93677917E-01  1.07777221E-01  -0.3125E+00
   3.57688242E-01 -3.62266668E-01  6.02267397E-02  -0.3125E+00
   3.17968760E-01 -3.38578761E-01  2.64107306E-02  -0.3125E+00
   2.74336590E-01 -3.19416377E-01  5.05245659E-03  -0.3125E+00
   2.31336235E-01 -3.02377712E-01 -8.37385004E-03  -0.3125E+00
   1.90923137E-01 -2.86263900E-01 -2.02210880E-02  -0.3125E+00
   1.53583117E-01 -2.71858451E-01 -3.61254108E-02  -0.3125E+00
   1.19484540E-01 -2.62448662E-01 -5.81464498E-02  -0.3125E+00
   8.71073101E-02 -2.59845929E-01 -8.41556746E-02  -0.3125E+00
   5.37670970E-02 -2.60597767E-01 -1.10512106E-01  -0.3125E+00
   1.98012664E-02 -2.64583860E-01 -1.35709449E-01  -0.3125E+00
  -1.34671120E-02 -2.76632380E-01 -1.68497285E-01  -0.3125E+00
  -4.49270821E-02 -2.99762662E-01 -2.22552382E-01  -0.3125E+00
  -7.29676291E-02 -3.43121351E-01 -2.94934458E-01  -0.3125E+00
  -9.19173628E-02 -4.07447640E-01 -3.71349418E-01  -0.3125E+00
  -9.14538623E-02 -4.82750187E-01 -4.46358061E-01  -0.3125E+00
  -6.67957419E-02 -5.65716812E-01 -5.16147012E-01  -0.3125E+00
  -2.07145605E-02 -6.53199822E-01 -5.72888025E-01  -0.3125E+00
   3.72902556E-02 -7.40374432E-01 -6.09896285E-01  -0.3125E+00
   9.44714358E-02 -8.26934282E-01 -6.25364126E-01  -0.3125E+00
   1.41115522E-01 -9.15061316E-01 -6.20903062E-01  -0.3125E+00
   1.74872513E-01 -1.00465209E+00 -5.99968379E-01  -0.3125E+00
   2.02290943E-01 -1.09501358E+00 -5.64998071E-01  -0.3125E+00
   2.35229697E-01 -1.18322130E+00 -5.09844496E-01  -0.3125E+00
   2.81360623E-01 -1.25299806E+00 -4.22121885E-01  -0.3125E+00
   3.45340710E-01 -1.31660858E+00 -3.30220237E-01  -0.3125E+00
   4.21988194E-01 -1.38881029E+00 -2.39364643E-01  -0.3125E+00
   4.80397175E-01 -1.43357574E+00 -1.30642464E-01  -0.3125E+00
   4.97272484E-01 -1.45551448E+00 -2.32207132E-02  -0.3125E+00
   4.63880310E-01 -1.46818895E+00  6.81146872E-02 -0.00000000E+00     
   9.62830204E-01 -1.27529006E+00  5.63519937E-02  -0.3125E+00
   9.05988695E-01 -1.26947310E+00  2.74441930E-01  -0.3125E+00
   8.06361595E-01 -1.22900713E+00  4.06717684E-01  -0.3125E+00
   6.98169001E-01 -1.18093460E+00  4.61358367E-01  -0.3125E+00
   6.02230867E-01 -1.13362496E+00  4.68259782E-01  -0.3125E+00
   5.28245201E-01 -1.08146221E+00  4.45232844E-01  -0.3125E+00
   4.82452546E-01 -1.02163775E+00  4.06210941E-01  -0.3125E+00
   4.66472767E-01 -9.56974268E-01  3.70670069E-01  -0.3125E+00
   4.74681152E-01 -8.89603018E-01  3.41525169E-01  -0.3125E+00
   4.98582431E-01 -8.24292253E-01  3.12804662E-01  -0.3125E+00
   5.28847067E-01 -7.65350992E-01  2.84274798E-01  -0.3125E+00
   5.57329102E-01 -7.15507998E-01  2.56931758E-01  -0.3125E+00
   5.79400230E-01 -6.76660538E-01  2.32147726E-01  -0.3125E+00
   5.93683345E-01 -6.48165197E-01  2.10994722E-01  -0.3125E+00
   6.01325594E-01 -6.26678057E-01  1.92848987E-01  -0.3125E+00
   6.05081116E-01 -6.07527467E-01  1.76146719E-01  -0.3125E+00
   6.07726620E-01 -5.86347333E-01  1.59927927E-01  -0.3125E+00
   6.10444242E-01 -5.60316650E-01  1.44783453E-01  -0.3125E+00
   6.12851433E-01 -5.29304252E-01  1.31744539E-01  -0.3125E+00
   6.15003753E-01 -4.96497869E-01  1.19635846E-01  -0.3125E+00
   6.17452653E-01 -4.65835095E-01  1.06143443E-01  -0.3125E+00
   6.19377819E-01 -4.38532877E-01  9.04044166E-02  -0.3125E+00
   6.18991296E-01 -4.12962018E-01  7.15314105E-02  -0.3125E+00
   6.14837802E-01 -3.86311701E-01  4.66612251E-02  -0.3125E+00
   6.05776468E-01 -3.56284919E-01  1.14032693E-02  -0.3125E+00
   5.90111230E-01 -3.22590121E-01 -3.79458599E-02  -0.3125E+00
   5.65655089E-01 -2.88030997E-01 -1.02149454E-01  -0.3125E+00
   5.30959412E-01 -2.58143380E-01 -1.78123839E-01  -0.3125E+00
   4.85995319E-01 -2.38689292E-01 -2.59647508E-01  -0.3125E+00
   4.31333070E-01 -2.32195117E-01 -3.38999624E-01  -0.3125E+00
   3.67503103E-01 -2.35748654E-01 -4.09301609E-01  -0.3125E+00
   3.00970175E-01 -2.45325776E-01 -4.67008327E-01  -0.3125E+00
   2.45374505E-01 -2.64560116E-01 -5.09805448E-01  -0.3125E+00
   2.03930358E-01 -2.96985928E-01 -5.40616808E-01  -0.3125E+00
   1.73564445E-01 -3.41504844E-01 -5.71089837E-01  -0.3125E+00
   1.57051493E-01 -4.02254815E-01 -6.02035524E-01  -0.3125E+00
   1.58763321E-01 -4.80074182E-01 -6.33501732E-01  -0.3125E+00
   1.83842234E-01 -5.67265238E-01 -6.64268256E-01  -0.3125E+00
   2.35127075E-01 -6.51139460E-01 -6.89670960E-01  -0.3125E+00
   3.09015199E-01 -7.21565963E-01 -7.07456011E-01  -0.3125E+00
   3.96137559E-01 -7.76476649E-01 -7.17183827E-01  -0.3125E+00
   4.87691051E-01 -8.23709515E-01 -7.16361431E-01  -0.3125E+00
   5.80801631E-01 -8.76759202E-01 -6.98626573E-01  -0.3125E+00
   6.75170263E-01 -9.43665150E-01 -6.56442402E-01  -0.3125E+00
   7.65113915E-01 -1.01851336E+00 -5.89334901E-01  -0.3125E+00
   8.41682389E-01 -1.08937474E+00 -5.03754040E-01  -0.3125E+00
   9.05623159E-01 -1.15856998E+00 -3.83961350E-01  -0.3125E+00
   9.55652553E-01 -1.22996255E+00 -1.91385684E-01  -0.3125E+00
   9.62830204E-01 -1.27529006E+00  5.63519937E-02 -0.00000000E+00     
   1.41123627E+00 -8.91502781E-01 -9.72994043E-03  -0.3125E+00
   1.38347000E+00 -9.12762392E-01  2.27619401E-01  -0.3125E+00
   1.29170332E+00 -9.00064954E-01  4.41687048E-01  -0.3125E+00
   1.15666792E+00 -8.63295660E-01  5.77619662E-01  -0.3125E+00
   1.01760634E+00 -8.22203885E-01  6.28635787E-01  -0.3125E+00
   8.99961848E-01 -7.87464804E-01  6.19348077E-01  -0.3125E+00
   8.12800314E-01 -7.59159117E-01  5.74194969E-01  -0.3125E+00
   7.58564397E-01 -7.34045805E-01  5.08784773E-01  -0.3125E+00
   7.34878746E-01 -7.07079473E-01  4.39630802E-01  -0.3125E+00
   7.33429021E-01 -6.71240775E-01  3.81112111E-01  -0.3125E+00
   7.43504049E-01 -6.22690924E-01  3.34531976E-01  -0.3125E+00
   7.57301010E-01 -5.64969447E-01  2.91047099E-01  -0.3125E+00
   7.73031521E-01 -5.06905484E-01  2.42524139E-01  -0.3125E+00
   7.92501405E-01 -4.56043892E-01  1.88484204E-01  -0.3125E+00
   8.15493592E-01 -4.14013075E-01  1.35200279E-01  -0.3125E+00
   8.34844784E-01 -3.76007133E-01  8.95820780E-02  -0.3125E+00
   8.38625476E-01 -3.34917153E-01  5.02659919E-02  -0.3125E+00
   8.23805979E-01 -2.88998006E-01  1.20904644E-03  -0.3125E+00
   7.91837342E-01 -2.40248317E-01 -7.15856484E-02  -0.3125E+00
   7.45348175E-01 -1.93148440E-01 -1.62868760E-01  -0.3125E+00
   6.92970992E-01 -1.54253275E-01 -2.61204757E-01  -0.3125E+00
   6.49812058E-01 -1.29422648E-01 -3.57811817E-01  -0.3125E+00
   6.22948498E-01 -1.20117435E-01 -4.43718698E-01  -0.3125E+00
   6.07063841E-01 -1.24004667E-01 -5.14616519E-01  -0.3125E+00
   5.96115085E-01 -1.37270872E-01 -5.72375019E-01  -0.3125E+00
   5.88557040E-01 -1.55604808E-01 -6.21051647E-01  -0.3125E+00
   5.85896282E-01 -1.75135638E-01 -6.64000714E-01  -0.3125E+00
   5.90020712E-01 -1.93336721E-01 -7.03026052E-01  -0.3125E+00
   6.01296535E-01 -2.09482715E-01 -7.38618020E-01  -0.3125E+00
   6.18035753E-01 -2.24795077E-01 -7.70836881E-01  -0.3125E+00
   6.37638739E-01 -2.42428010E-01 -8.00213740E-01  -0.3125E+00
   6.58689179E-01 -2.66965814E-01 -8.27593519E-01  -0.3125E+00
   6.82404745E-01 -3.03248034E-01 -8.52408194E-01  -0.3125E+00
   7.11848253E-01 -3.54694600E-01 -8.70665500E-01  -0.3125E+00
   7.48886110E-01 -4.20965866E-01 -8.75959386E-01  -0.3125E+00
   7.92452309E-01 -4.95789985E-01 -8.64464532E-01  -0.3125E+00
   8.40689352E-01 -5.67748875E-01 -8.38750162E-01  -0.3125E+00
   8.93234987E-01 -6.24747645E-01 -8.06312388E-01  -0.3125E+00
   9.50236221E-01 -6.59166956E-01 -7.74720093E-01  -0.3125E+00
   1.01007462E+00 -6.70689035E-01 -7.47796732E-01  -0.3125E+00
   1.06933397E+00 -6.66204807E-01 -7.24669805E-01  -0.3125E+00
   1.12545863E+00 -6.57419319E-01 -7.00312309E-01  -0.3125E+00
   1.17894479E+00 -6.56734498E-01 -6.66645848E-01  -0.3125E+00
   1.23172461E+00 -6.72519249E-01 -6.15130626E-01  -0.3125E+00
   1.28288106E+00 -7.05740248E-01 -5.41679465E-01  -0.3125E+00
   1.32776042E+00 -7.50348349E-01 -4.50310821E-01  -0.3125E+00
   1.36415423E+00 -7.98954590E-01 -3.44109432E-01  -0.3125E+00
   1.39480089E+00 -8.48063850E-01 -2.05782592E-01  -0.3125E+00
   1.41123627E+00 -8.91502781E-01 -9.72994043E-03 -0.00000000E+00     
   1.69550423E+00 -2.92986187E-01 -2.07233539E-02  -0.3125E+00
   1.68828631E+00 -3.24367440E-01  9.89748231E-02  -0.3125E+00
   1.65266296E+00 -3.67845328E-01  2.71336889E-01  -0.3125E+00
   1.56038172E+00 -4.07514865E-01  4.84687240E-01  -0.3125E+00
   1.39238014E+00 -4.22277840E-01  6.74458033E-01  -0.3125E+00
   1.18022363E+00 -4.05354691E-01  7.66967759E-01  -0.3125E+00
   9.91258494E-01 -3.73049362E-01  7.43753778E-01  -0.3125E+00
   8.82451680E-01 -3.50987938E-01  6.30830173E-01  -0.3125E+00
   8.67193731E-01 -3.51702708E-01  4.92108264E-01  -0.3125E+00
   8.68716311E-01 -3.47629109E-01  4.01180811E-01  -0.3125E+00
   8.65572323E-01 -3.32363583E-01  3.42436127E-01  -0.3125E+00
   8.65687382E-01 -3.12168986E-01  2.98880378E-01  -0.3125E+00
   8.69505934E-01 -2.90163687E-01  2.65414925E-01  -0.3125E+00
   8.75303747E-01 -2.68101173E-01  2.39391165E-01  -0.3125E+00
   8.81755786E-01 -2.47117054E-01  2.18195716E-01  -0.3125E+00
   8.88523772E-01 -2.27795549E-01  1.98576658E-01  -0.3125E+00
   8.96210147E-01 -2.10191276E-01  1.76875964E-01  -0.3125E+00
   9.05836031E-01 -1.93896314E-01  1.50273814E-01  -0.3125E+00
   9.17722893E-01 -1.78098036E-01  1.18549841E-01  -0.3125E+00
   9.30144135E-01 -1.61678952E-01  8.45820664E-02  -0.3125E+00
   9.39425540E-01 -1.43612328E-01  5.17405800E-02  -0.3125E+00
   9.42455588E-01 -1.23577178E-01  2.01869486E-02  -0.3125E+00
   9.38770081E-01 -1.02107067E-01 -1.24975742E-02  -0.3125E+00
   9.30134400E-01 -8.01477374E-02 -4.69488435E-02  -0.3125E+00
   9.19355422E-01 -5.85870590E-02 -8.06690364E-02  -0.3125E+00
   9.08894754E-01 -3.79871181E-02 -1.11003248E-01  -0.3125E+00
   8.99273594E-01 -1.85852028E-02 -1.38314203E-01  -0.3125E+00
   8.88640969E-01 -5.70075634E-04 -1.66754517E-01  -0.3125E+00
   8.73756825E-01  1.55987284E-02 -2.03173273E-01  -0.3125E+00
   8.51389077E-01  2.90470853E-02 -2.55548809E-01  -0.3125E+00
   8.19626844E-01  3.85953858E-02 -3.31536728E-01  -0.3125E+00
   7.82627389E-01  4.33123764E-02 -4.37962851E-01  -0.3125E+00
   7.69002224E-01  4.40191739E-02 -5.73279084E-01  -0.3125E+00
   8.16868323E-01  4.18627958E-02 -7.06656656E-01  -0.3125E+00
   9.19501262E-01  3.34010203E-02 -8.01885832E-01  -0.3125E+00
   1.04670116E+00  1.29301738E-02 -8.48266723E-01  -0.3125E+00
   1.17637454E+00 -2.30437561E-02 -8.48372461E-01  -0.3125E+00
   1.29519365E+00 -7.40239637E-02 -8.06428917E-01  -0.3125E+00
   1.39537824E+00 -1.35202073E-01 -7.31087451E-01  -0.3125E+00
   1.47412173E+00 -1.98517854E-01 -6.35652276E-01  -0.3125E+00
   1.53210988E+00 -2.54755211E-01 -5.35623452E-01  -0.3125E+00
   1.57312250E+00 -2.96194262E-01 -4.44333480E-01  -0.3125E+00
   1.60281229E+00 -3.18803640E-01 -3.68343893E-01  -0.3125E+00
   1.62616168E+00 -3.22989432E-01 -3.07526355E-01  -0.3125E+00
   1.64597375E+00 -3.13176635E-01 -2.57862608E-01  -0.3125E+00
   1.66330323E+00 -2.96807292E-01 -2.12931744E-01  -0.3125E+00
   1.67825769E+00 -2.82797282E-01 -1.64521189E-01  -0.3125E+00
   1.68993217E+00 -2.79565505E-01 -1.03728669E-01  -0.3125E+00
   1.69550423E+00 -2.92986187E-01 -2.07233539E-02 -0.00000000E+00     
   &