// n / m / rbc / zbs / rbs / zbc
0     0    1.0288    0
1        0        0.1232        -0.080194
2        0        -0.0059446        0.011s979
3        0        0.0017701        -0.0029656
4        0        0.00044606        -0.0042998 
5        0        0.0014088        -7.58E-05
-5        1        0.0033737        0.0024269
-4        1        -0.006006        -0.0030923
-3        1        0.0077172        0.00292
-2        1        -0.025688        -0.019217
-1        1        0.061708        0.062221
0        1        0.34249        0.43172
1        1        -0.15301        0.10227
2        1        0.019211        0.022323
3        1        -0.0096336        -0.011164
4        1        0.0076113        0.0067501
5        1        -0.0069114        -0.0052297
-5        2        0.00026371        0.00074712
-4        2        0.0011591        0.0039776
-3        2        -0.0030637        -0.0017396
-2        2        -0.0052165        -0.0019762
-1        2        0.015203        0.0085773
0        2        0.079277        0.026113
1        2        0.077361        0.022256
2        2        0.026689        -0.007138
3        2        -0.0099115        0.0083411
4        2        0.0031837        -0.003551
5        2        0.00018954        0.0011027
-5        3        -0.0012095        4.66E-05
-4        3        0.00040349        0.00042148
-3        3        -0.00020327        -0.00035711
-2        3        0.0003736        0.00067231
-1        3        0.0005929        9.65E-05
0        3        -0.0030117        0.0023752
1        3        -0.0050933        -0.0018885
2        3        -0.0071247        0.0041531
3        3        0.00083291        0.00054984
4        3        0.001548        -0.0026492
5        3        -0.001508        0.00060208
-5        4        -2.60E-05        5.67E-05
-4        4        -7.68E-05        9.04E-05
-3        4        -5.50E-05        2.78E-05
-2        4        3.61E-05        -6.52E-05
-1        4        -0.0001863        -9.90E-05
0        4        -0.00058879        0.0003763
1        4        -8.70E-05        0.00083362
2        4        0.00083636        -1.65E-05
3        4        0.00047682        -0.00078666
4        4        -0.00032043        0.00037849
5        4        8.77E-05        0.00019705
-5        5        -6.62E-06        6.58E-06
-4        5        -5.93E-06        6.35E-06
-3        5        -2.59E-05        7.93E-06
-2        5        2.72E-05        -2.01E-06
-1        5        1.33E-05        -3.66E-05
0        5        -3.58E-05        6.25E-05
1        5        2.33E-05        6.45E-05
2        5        -0.00018096        -0.00019627
3        5        -9.40E-05        0.00020521
4        5        4.21E-05        5.71E-05   
5        5        -1.22E-05        -9.91E-05
&


