// n / m / rbc / zbs / rbs / zbc
0   0   1   0
-1   0   0.13918750   -0.10414010
-2   0   0.0035100660   -0.0020475980
-3   0   -0.00010138760   0.0016428990
-4   0   -9.1750250e-05   1.8456690e-05
4   1   2.7989090e-05   6.0830080e-05
3   1   -0.00083096040   -0.0010610250
2   1   0.00053502810   -0.0012406190
1   1   0.032729680   0.037654260
0   1   0.19805120   0.31531570
-1   1   -0.11902920   0.10598810
-2   1   -0.0098390160   0.016001620
-3   1   -0.00010368650   -0.0012356990
-4   1   -0.00017749010   -1.2332940e-05
4   2   -1.2766620e-05   1.6195520e-05
3   2   -0.00022122220   -0.00016554200
2   2   0.0026591390   0.00097085120
1   2   0.0053927480   0.0039433600
0   2   0.023684580   0.0052204140
-1   2   0.048005710   0.018794570
-2   2   0.014185040   -0.012816540
-3   2   0.00063314710   0.0032291370
-4   2   0.00032161500   -3.0673590e-05
4   3   -2.2443520e-05   -2.3378680e-05
3   3   2.2473930e-06   7.0713580e-05
2   3   0.00015352430   -7.0552940e-05
1   3   0.0027565430   0.00088330380
0   3   -0.0033340460   0.0032247830
-1   3   -0.0075887010   -0.0066502610
-2   3   -0.0054159400   -0.0023271070
-3   3   -0.0013951570   0.0021069160
-4   3   0.00034970180   -0.00063400330
4   4   -1.1323920e-05   4.6012340e-06
3   4   2.9725330e-05   2.3180470e-05
2   4   -5.7633650e-06   -6.4672280e-05
1   4   -8.3562600e-05   -6.0365240e-05
0   4   2.3231140e-05   0.00070775800
-1   4   0.0015943290   -0.00097553190
-2   4   -0.0010439880   -0.0029350190
-3   4   -3.6322490e-05   0.0012533450
-4   4   8.9269820e-05   -0.00020342870
4   5   -1.6603900e-06   -3.4285240e-06
3   5   2.6346580e-06   4.2265530e-06
2   5   2.7357050e-06   -5.4768040e-07
1   5   2.2538180e-05   -1.3458210e-05
0   5   -6.2400690e-05   9.5602460e-05
-1   5   0.00029853760   0.00032243490
-2   5   0.00025908600   -7.4464900e-05
-3   5   0.00024740330   0.00025279790
-4   5   9.2800670e-05   -0.00015522330
4   6   1.5257970e-05   -1.6282720e-05
3   6   -3.1909260e-06   8.0248080e-06
2   6   7.7656670e-06   -1.3497790e-06
1   6   -6.6676360e-06   3.2346830e-05
0   6   -4.9591760e-05   -0.00020796340
-1   6   0.00022549730   0.00049671320
-2   6   -0.00016547270   -0.00021090750
-3   6   4.0651170e-06   0.00016411320
-4   6   -1.1442260e-05   -2.8567080e-05
4   7   -1.1170520e-05   4.9738420e-06
3   7   -2.0198700e-06   2.0807680e-06
2   7   1.7530820e-06   9.1197790e-07
1   7   8.9998130e-06   7.4200790e-06
0   7   -2.9831440e-05   -4.3511310e-05
-1   7   7.5719420e-06   1.9510690e-05
-2   7   0.00012390900   0.00011000270
-3   7   -4.6991640e-05   -6.1617550e-05
-4   7   3.8315450e-05   5.2277090e-05
&
